<!DOCTYPE html>
<html>
<head>
	<meta charset="UTF-8">
	<title>挑选数组中的最大数</title>
</head>
<body>
<script type="text/javascript">
	function largestOfFour(arr) {
		var arr2=[];
		for (var i in arr) {
			arr2.push(Math.max.apply(this,arr[i]));

			/*


















			* */
		}
		console.log(arr2);

	}

	largestOfFour([[4, 5, 1, 3], [13, 27, 18, 26], [32, 35, 37, 39], [1000, 1001, 857, 1]]);
	largestOfFour([[13, 27, 18, 26], [4, 5, 1, 3], [32, 35, 37, 39], [1000, 1001, 857, 1]]);
</script>
</body>
</html>