<!DOCTYPE html>
<html>
<head>
	<meta charset="UTF-8">
	<title>挑选数组中的最大数</title>
</head>
<body>
<p>
	右边大数组中包含了4个小数组，分别找到每个小数组中的最大值，然后把它们串联起来，形成一个新数组。
</p>
<script type="text/javascript">
	function largestOfFour(arr) {
		var arr2=[];
		for (var i in arr) {
			arr2.push(Math.max.apply(Math,arr[i]));

			/*

				apply  改变函数的this作用域，第一个参数为要改变的对象，一下事原文详解

			 http://www.jianshu.com/p/74ae6ddb6e49

			* */
		}
		console.log(arr2);

	}

	largestOfFour([[4, 5, 1, 3], [13, 27, 18, 26], [32, 35, 37, 39], [1000, 1001, 857, 1]]);
	largestOfFour([[13, 27, 18, 26], [4, 5, 1, 3], [32, 35, 37, 39], [1000, 1001, 857, 1]]);
</script>
</body>
</html>